#include <stdint.h>
#include "omsk_lut_data.h"

const float lfo_freq_lut[128] = {
  0.01000000f, 0.01069364f, 0.01143540f, 0.01222861f, 
  0.01307685f, 0.01398391f, 0.01495390f, 0.01599117f, 
  0.01710039f, 0.01828655f, 0.01955498f, 0.02091141f, 
  0.02236191f, 0.02391304f, 0.02557175f, 0.02734552f, 
  0.02924233f, 0.03127071f, 0.03343978f, 0.03575932f, 
  0.03823974f, 0.04089222f, 0.04372869f, 0.04676191f, 
  0.05000552f, 0.05347413f, 0.05718333f, 0.06114982f, 
  0.06539145f, 0.06992729f, 0.07477776f, 0.07996468f, 
  0.08551138f, 0.09144284f, 0.09778572f, 0.10456857f, 
  0.11182192f, 0.11957838f, 0.12787287f, 0.13674271f, 
  0.14622779f, 0.15637080f, 0.16721738f, 0.17881633f, 
  0.19121982f, 0.20448368f, 0.21866759f, 0.23383535f, 
  0.25005521f, 0.26740016f, 0.28594822f, 0.30578287f, 
  0.32699333f, 0.34967505f, 0.37393007f, 0.39986753f, 
  0.42760413f, 0.45726466f, 0.48898258f, 0.52290059f, 
  0.55917131f, 0.59795793f, 0.63943496f, 0.68378903f, 
  0.73121969f, 0.78194035f, 0.83617922f, 0.89418035f, 
  0.95620469f, 1.02253131f, 1.09345865f, 1.16930582f, 
  1.25041410f, 1.33714840f, 1.42989898f, 1.52908316f, 
  1.63514719f, 1.74856830f, 1.86985680f, 1.99955842f, 
  2.13825672f, 2.28657575f, 2.44518285f, 2.61479165f, 
  2.79616527f, 2.99011978f, 3.19752783f, 3.41932264f, 
  3.65650212f, 3.91013343f, 4.18135774f, 4.47139538f, 
  4.78155133f, 5.11322107f, 5.46789691f, 5.84717465f, 
  6.25276079f, 6.68648019f, 7.15028431f, 7.64625995f, 
  8.17663867f, 8.74380683f, 9.35031631f, 9.99889599f, 
  10.69246405f, 11.43414109f, 12.22726416f, 13.07540179f, 
  13.98237003f, 14.95224963f, 15.98940442f, 17.09850089f, 
  18.28452924f, 19.55282582f, 20.90909710f, 22.35944542f, 
  23.91039637f, 25.56892820f, 27.34250321f, 29.23910129f, 
  31.26725589f, 33.43609234f, 35.75536897f, 38.23552098f, 
  40.88770741f, 43.72386132f, 46.75674354f, 50.00000000f, 
  };

const float eg_inc_lut[128] = {
  1.00000000f, 0.02792699f, 0.01371036f, 0.00897356f, 
  0.00660671f, 0.00518785f, 0.00424297f, 0.00356895f, 
  0.00306421f, 0.00267232f, 0.00235942f, 0.00210397f, 
  0.00189161f, 0.00171239f, 0.00155921f, 0.00142686f, 
  0.00131143f, 0.00120993f, 0.00112004f, 0.00103994f, 
  0.00096813f, 0.00090345f, 0.00084492f, 0.00079173f, 
  0.00074322f, 0.00069881f, 0.00065805f, 0.00062051f, 
  0.00058586f, 0.00055379f, 0.00052405f, 0.00049641f, 
  0.00047066f, 0.00044664f, 0.00042419f, 0.00040318f, 
  0.00038348f, 0.00036499f, 0.00034761f, 0.00033126f, 
  0.00031585f, 0.00030131f, 0.00028759f, 0.00027462f, 
  0.00026235f, 0.00025074f, 0.00023973f, 0.00022930f, 
  0.00021940f, 0.00020999f, 0.00020106f, 0.00019256f, 
  0.00018448f, 0.00017678f, 0.00016945f, 0.00016246f, 
  0.00015580f, 0.00014945f, 0.00014339f, 0.00013760f, 
  0.00013207f, 0.00012679f, 0.00012174f, 0.00011692f, 
  0.00011230f, 0.00010788f, 0.00010365f, 0.00009961f, 
  0.00009573f, 0.00009202f, 0.00008846f, 0.00008505f, 
  0.00008178f, 0.00007865f, 0.00007564f, 0.00007276f, 
  0.00006999f, 0.00006733f, 0.00006479f, 0.00006234f, 
  0.00005999f, 0.00005773f, 0.00005557f, 0.00005349f, 
  0.00005149f, 0.00004956f, 0.00004772f, 0.00004594f, 
  0.00004424f, 0.00004260f, 0.00004102f, 0.00003950f, 
  0.00003804f, 0.00003664f, 0.00003529f, 0.00003399f, 
  0.00003274f, 0.00003154f, 0.00003039f, 0.00002927f, 
  0.00002820f, 0.00002717f, 0.00002618f, 0.00002522f, 
  0.00002430f, 0.00002342f, 0.00002257f, 0.00002175f, 
  0.00002096f, 0.00002020f, 0.00001946f, 0.00001876f, 
  0.00001808f, 0.00001742f, 0.00001679f, 0.00001618f, 
  0.00001560f, 0.00001504f, 0.00001449f, 0.00001397f, 
  0.00001347f, 0.00001298f, 0.00001251f, 0.00001206f, 
  0.00001163f, 0.00001121f, 0.00001081f, 0.00001042f, 
  };

const float glide_time_lut[128] = {
  1.00000000f, 0.05641817f, 0.02769769f, 0.01812840f, 
  0.01334689f, 0.01048050f, 0.00857167f, 0.00721000f, 
  0.00619032f, 0.00539862f, 0.00476650f, 0.00425045f, 
  0.00382144f, 0.00345937f, 0.00314992f, 0.00288254f, 
  0.00264934f, 0.00244430f, 0.00226272f, 0.00210088f, 
  0.00195583f, 0.00182516f, 0.00170691f, 0.00159946f, 
  0.00150145f, 0.00141174f, 0.00132939f, 0.00125356f, 
  0.00118356f, 0.00111878f, 0.00105869f, 0.00100284f, 
  0.00095083f, 0.00090230f, 0.00085695f, 0.00081450f, 
  0.00077471f, 0.00073736f, 0.00070225f, 0.00066921f, 
  0.00063808f, 0.00060871f, 0.00058099f, 0.00055479f, 
  0.00053001f, 0.00050654f, 0.00048431f, 0.00046323f, 
  0.00044322f, 0.00042423f, 0.00040617f, 0.00038901f, 
  0.00037268f, 0.00035713f, 0.00034232f, 0.00032821f, 
  0.00031476f, 0.00030192f, 0.00028968f, 0.00027798f, 
  0.00026682f, 0.00025615f, 0.00024595f, 0.00023620f, 
  0.00022687f, 0.00021795f, 0.00020940f, 0.00020123f, 
  0.00019339f, 0.00018589f, 0.00017871f, 0.00017182f, 
  0.00016521f, 0.00015888f, 0.00015281f, 0.00014698f, 
  0.00014139f, 0.00013603f, 0.00013088f, 0.00012594f, 
  0.00012119f, 0.00011663f, 0.00011226f, 0.00010805f, 
  0.00010401f, 0.00010013f, 0.00009640f, 0.00009281f, 
  0.00008937f, 0.00008605f, 0.00008287f, 0.00007980f, 
  0.00007686f, 0.00007402f, 0.00007129f, 0.00006867f, 
  0.00006615f, 0.00006372f, 0.00006139f, 0.00005914f, 
  0.00005697f, 0.00005489f, 0.00005289f, 0.00005096f, 
  0.00004910f, 0.00004731f, 0.00004559f, 0.00004393f, 
  0.00004234f, 0.00004080f, 0.00003932f, 0.00003789f, 
  0.00003652f, 0.00003520f, 0.00003392f, 0.00003270f, 
  0.00003151f, 0.00003038f, 0.00002928f, 0.00002822f, 
  0.00002720f, 0.00002622f, 0.00002528f, 0.00002437f, 
  0.00002349f, 0.00002264f, 0.00002183f, 0.00002104f, 
  };

const float pan_l_lut[128] = {
  1.00000000f, 0.99992351f, 0.99969406f, 0.99931167f, 
  0.99877642f, 0.99808837f, 0.99724764f, 0.99625435f, 
  0.99510866f, 0.99381074f, 0.99236079f, 0.99075903f, 
  0.98900570f, 0.98710109f, 0.98504546f, 0.98283915f, 
  0.98048249f, 0.97797583f, 0.97531957f, 0.97251410f, 
  0.96955986f, 0.96645731f, 0.96320690f, 0.95980915f, 
  0.95626457f, 0.95257370f, 0.94873711f, 0.94475538f, 
  0.94062913f, 0.93635898f, 0.93194559f, 0.92738964f, 
  0.92269182f, 0.91785284f, 0.91287345f, 0.90775442f, 
  0.90249652f, 0.89710056f, 0.89156736f, 0.88589777f, 
  0.88009266f, 0.87415292f, 0.86807945f, 0.86187318f, 
  0.85553507f, 0.84906608f, 0.84246721f, 0.83573945f, 
  0.82888384f, 0.82190144f, 0.81479330f, 0.80756052f, 
  0.80020420f, 0.79272546f, 0.78512546f, 0.77740535f, 
  0.76956632f, 0.76160956f, 0.75353629f, 0.74534775f, 
  0.73704518f, 0.72862987f, 0.72010309f, 0.71146615f, 
  0.70272037f, 0.69386709f, 0.68490767f, 0.67584347f, 
  0.66667589f, 0.65740631f, 0.64803617f, 0.63856690f, 
  0.62899993f, 0.61933675f, 0.60957882f, 0.59972764f, 
  0.58978471f, 0.57975156f, 0.56962973f, 0.55942075f, 
  0.54912619f, 0.53874763f, 0.52828665f, 0.51774486f, 
  0.50712386f, 0.49642529f, 0.48565077f, 0.47480196f, 
  0.46388052f, 0.45288811f, 0.44182643f, 0.43069715f, 
  0.41950198f, 0.40824264f, 0.39692085f, 0.38553834f, 
  0.37409685f, 0.36259814f, 0.35104395f, 0.33943606f, 
  0.32777625f, 0.31606629f, 0.30430798f, 0.29250312f, 
  0.28065352f, 0.26876098f, 0.25682733f, 0.24485438f, 
  0.23284398f, 0.22079796f, 0.20871817f, 0.19660644f, 
  0.18446464f, 0.17229462f, 0.16009824f, 0.14787737f, 
  0.13563388f, 0.12336964f, 0.11108653f, 0.09878642f, 
  0.08647120f, 0.07414275f, 0.06180296f, 0.04945372f, 
  0.03709691f, 0.02473443f, 0.01236816f, 0.00000000f, 
  };

const float pan_r_lut[128] = {
  0.00000000f, 0.01236816f, 0.02473443f, 0.03709691f, 
  0.04945372f, 0.06180296f, 0.07414275f, 0.08647120f, 
  0.09878642f, 0.11108653f, 0.12336964f, 0.13563388f, 
  0.14787737f, 0.16009824f, 0.17229462f, 0.18446464f, 
  0.19660644f, 0.20871817f, 0.22079796f, 0.23284398f, 
  0.24485438f, 0.25682733f, 0.26876098f, 0.28065352f, 
  0.29250312f, 0.30430798f, 0.31606629f, 0.32777625f, 
  0.33943606f, 0.35104395f, 0.36259814f, 0.37409685f, 
  0.38553834f, 0.39692085f, 0.40824264f, 0.41950198f, 
  0.43069715f, 0.44182643f, 0.45288811f, 0.46388052f, 
  0.47480196f, 0.48565077f, 0.49642529f, 0.50712386f, 
  0.51774486f, 0.52828665f, 0.53874763f, 0.54912619f, 
  0.55942075f, 0.56962973f, 0.57975156f, 0.58978471f, 
  0.59972764f, 0.60957882f, 0.61933675f, 0.62899993f, 
  0.63856690f, 0.64803617f, 0.65740631f, 0.66667589f, 
  0.67584347f, 0.68490767f, 0.69386709f, 0.70272037f, 
  0.71146615f, 0.72010309f, 0.72862987f, 0.73704518f, 
  0.74534775f, 0.75353629f, 0.76160956f, 0.76956632f, 
  0.77740535f, 0.78512546f, 0.79272546f, 0.80020420f, 
  0.80756052f, 0.81479330f, 0.82190144f, 0.82888384f, 
  0.83573945f, 0.84246721f, 0.84906608f, 0.85553507f, 
  0.86187318f, 0.86807945f, 0.87415292f, 0.88009266f, 
  0.88589777f, 0.89156736f, 0.89710056f, 0.90249652f, 
  0.90775442f, 0.91287345f, 0.91785284f, 0.92269182f, 
  0.92738964f, 0.93194559f, 0.93635898f, 0.94062913f, 
  0.94475538f, 0.94873711f, 0.95257370f, 0.95626457f, 
  0.95980915f, 0.96320690f, 0.96645731f, 0.96955986f, 
  0.97251410f, 0.97531957f, 0.97797583f, 0.98048249f, 
  0.98283915f, 0.98504546f, 0.98710109f, 0.98900570f, 
  0.99075903f, 0.99236079f, 0.99381074f, 0.99510866f, 
  0.99625435f, 0.99724764f, 0.99808837f, 0.99877642f, 
  0.99931167f, 0.99969406f, 0.99992351f, 1.00000000f, 
  };

const float detune_factor_lut[128] = {
  0.94387431f, 0.94472658f, 0.94557961f, 0.94643342f, 
  0.94728799f, 0.94814334f, 0.94899946f, 0.94985635f, 
  0.95071402f, 0.95157246f, 0.95243167f, 0.95329166f, 
  0.95415243f, 0.95501398f, 0.95587630f, 0.95673940f, 
  0.95760328f, 0.95846794f, 0.95933338f, 0.96019961f, 
  0.96106661f, 0.96193440f, 0.96280297f, 0.96367233f, 
  0.96454247f, 0.96541340f, 0.96628511f, 0.96715761f, 
  0.96803090f, 0.96890497f, 0.96977984f, 0.97065549f, 
  0.97153194f, 0.97240918f, 0.97328721f, 0.97416603f, 
  0.97504565f, 0.97592606f, 0.97680726f, 0.97768926f, 
  0.97857206f, 0.97945566f, 0.98034005f, 0.98122524f, 
  0.98211123f, 0.98299802f, 0.98388561f, 0.98477400f, 
  0.98566320f, 0.98655320f, 0.98744400f, 0.98833560f, 
  0.98922801f, 0.99012123f, 0.99101525f, 0.99191008f, 
  0.99280572f, 0.99370217f, 0.99459942f, 0.99549749f, 
  0.99639637f, 0.99729606f, 0.99819656f, 0.99909787f, 
  1.00000000f, 1.00090294f, 1.00180670f, 1.00271128f, 
  1.00361667f, 1.00452287f, 1.00542990f, 1.00633775f, 
  1.00724641f, 1.00815590f, 1.00906621f, 1.00997733f, 
  1.01088929f, 1.01180206f, 1.01271566f, 1.01363008f, 
  1.01454533f, 1.01546141f, 1.01637831f, 1.01729605f, 
  1.01821461f, 1.01913400f, 1.02005422f, 1.02097527f, 
  1.02189715f, 1.02281986f, 1.02374341f, 1.02466779f, 
  1.02559301f, 1.02651906f, 1.02744595f, 1.02837367f, 
  1.02930224f, 1.03023164f, 1.03116188f, 1.03209296f, 
  1.03302488f, 1.03395764f, 1.03489125f, 1.03582569f, 
  1.03676098f, 1.03769712f, 1.03863410f, 1.03957193f, 
  1.04051060f, 1.04145012f, 1.04239049f, 1.04333171f, 
  1.04427378f, 1.04521670f, 1.04616047f, 1.04710510f, 
  1.04805057f, 1.04899690f, 1.04994409f, 1.05089213f, 
  1.05184102f, 1.05279077f, 1.05374138f, 1.05469285f, 
  1.05564518f, 1.05659837f, 1.05755241f, 1.05850732f, 
  };

const float smooth_alpha_lut[128] = {
  0.18806365f, 0.17701702f, 0.16655099f, 0.15664344f, 
  0.14727201f, 0.13841426f, 0.13004783f, 0.12215061f, 
  0.11470078f, 0.10767699f, 0.10105839f, 0.09482470f, 
  0.08895625f, 0.08343403f, 0.07823974f, 0.07335574f, 
  0.06876513f, 0.06445171f, 0.06040001f, 0.05659525f, 
  0.05302335f, 0.04967090f, 0.04652517f, 0.04357407f, 
  0.04080613f, 0.03821048f, 0.03577685f, 0.03349550f, 
  0.03135725f, 0.02935342f, 0.02747581f, 0.02571671f, 
  0.02406884f, 0.02252533f, 0.02107974f, 0.01972598f, 
  0.01845833f, 0.01727143f, 0.01616022f, 0.01511995f, 
  0.01414617f, 0.01323467f, 0.01238154f, 0.01158308f, 
  0.01083583f, 0.01013654f, 0.00948216f, 0.00886983f, 
  0.00829688f, 0.00776080f, 0.00725922f, 0.00678996f, 
  0.00635093f, 0.00594020f, 0.00555596f, 0.00519651f, 
  0.00486026f, 0.00454571f, 0.00425148f, 0.00397626f, 
  0.00371882f, 0.00347802f, 0.00325278f, 0.00304211f, 
  0.00284507f, 0.00266077f, 0.00248839f, 0.00232717f, 
  0.00217638f, 0.00203535f, 0.00190346f, 0.00178010f, 
  0.00166473f, 0.00155683f, 0.00145592f, 0.00136154f, 
  0.00127328f, 0.00119074f, 0.00111355f, 0.00104135f, 
  0.00097384f, 0.00091070f, 0.00085165f, 0.00079643f, 
  0.00074479f, 0.00069650f, 0.00065133f, 0.00060910f, 
  0.00056960f, 0.00053266f, 0.00049812f, 0.00046582f, 
  0.00043561f, 0.00040736f, 0.00038094f, 0.00035623f, 
  0.00033313f, 0.00031153f, 0.00029132f, 0.00027243f, 
  0.00025476f, 0.00023824f, 0.00022278f, 0.00020833f, 
  0.00019482f, 0.00018219f, 0.00017037f, 0.00015932f, 
  0.00014899f, 0.00013932f, 0.00013029f, 0.00012184f, 
  0.00011393f, 0.00010654f, 0.00009963f, 0.00009317f, 
  0.00008713f, 0.00008148f, 0.00007619f, 0.00007125f, 
  0.00006663f, 0.00006231f, 0.00005826f, 0.00005449f, 
  0.00005095f, 0.00004765f, 0.00004456f, 0.00004167f, 
  };

const float mix_volume_lut[128] = {
  0.00000000f, 0.00070795f, 0.00074989f, 0.00079433f, 
  0.00084140f, 0.00089125f, 0.00094406f, 0.00100000f, 
  0.00105925f, 0.00112202f, 0.00118850f, 0.00125893f, 
  0.00133352f, 0.00141254f, 0.00149624f, 0.00158489f, 
  0.00167880f, 0.00177828f, 0.00188365f, 0.00199526f, 
  0.00211349f, 0.00223872f, 0.00237137f, 0.00251189f, 
  0.00266073f, 0.00281838f, 0.00298538f, 0.00316228f, 
  0.00334965f, 0.00354813f, 0.00375837f, 0.00398107f, 
  0.00421697f, 0.00446684f, 0.00473151f, 0.00501187f, 
  0.00530884f, 0.00562341f, 0.00595662f, 0.00630957f, 
  0.00668344f, 0.00707946f, 0.00749894f, 0.00794328f, 
  0.00841395f, 0.00891251f, 0.00944061f, 0.01000000f, 
  0.01059254f, 0.01122018f, 0.01188502f, 0.01258925f, 
  0.01333521f, 0.01412538f, 0.01496236f, 0.01584893f, 
  0.01678804f, 0.01778279f, 0.01883649f, 0.01995262f, 
  0.02113489f, 0.02238721f, 0.02371374f, 0.02511886f, 
  0.02660725f, 0.02818383f, 0.02985383f, 0.03162278f, 
  0.03349654f, 0.03548134f, 0.03758374f, 0.03981072f, 
  0.04216965f, 0.04466836f, 0.04731513f, 0.05011872f, 
  0.05308844f, 0.05623413f, 0.05956621f, 0.06309573f, 
  0.06683439f, 0.07079458f, 0.07498942f, 0.07943282f, 
  0.08413951f, 0.08912509f, 0.09440609f, 0.10000000f, 
  0.10592537f, 0.11220185f, 0.11885022f, 0.12589254f, 
  0.13335214f, 0.14125375f, 0.14962357f, 0.15848932f, 
  0.16788040f, 0.17782794f, 0.18836491f, 0.19952623f, 
  0.21134890f, 0.22387211f, 0.23713737f, 0.25118864f, 
  0.26607251f, 0.28183829f, 0.29853826f, 0.31622777f, 
  0.33496544f, 0.35481339f, 0.37583740f, 0.39810717f, 
  0.42169650f, 0.44668359f, 0.47315126f, 0.50118723f, 
  0.53088444f, 0.56234133f, 0.59566214f, 0.63095734f, 
  0.66834392f, 0.70794578f, 0.74989421f, 0.79432823f, 
  0.84139514f, 0.89125094f, 0.94406088f, 1.00000000f, 
  };

const float midi_to_freq_lut[128] = {
  8.17579892f, 8.66195722f, 9.17702400f, 9.72271824f, 
  10.30086115f, 10.91338223f, 11.56232571f, 12.24985737f, 
  12.97827180f, 13.75000000f, 14.56761755f, 15.43385316f, 
  16.35159783f, 17.32391444f, 18.35404799f, 19.44543648f, 
  20.60172231f, 21.82676446f, 23.12465142f, 24.49971475f, 
  25.95654360f, 27.50000000f, 29.13523509f, 30.86770633f, 
  32.70319566f, 34.64782887f, 36.70809599f, 38.89087297f, 
  41.20344461f, 43.65352893f, 46.24930284f, 48.99942950f, 
  51.91308720f, 55.00000000f, 58.27047019f, 61.73541266f, 
  65.40639133f, 69.29565774f, 73.41619198f, 77.78174593f, 
  82.40688923f, 87.30705786f, 92.49860568f, 97.99885900f, 
  103.82617439f, 110.00000000f, 116.54094038f, 123.47082531f, 
  130.81278265f, 138.59131549f, 146.83238396f, 155.56349186f, 
  164.81377846f, 174.61411572f, 184.99721136f, 195.99771799f, 
  207.65234879f, 220.00000000f, 233.08188076f, 246.94165063f, 
  261.62556530f, 277.18263098f, 293.66476792f, 311.12698372f, 
  329.62755691f, 349.22823143f, 369.99442271f, 391.99543598f, 
  415.30469758f, 440.00000000f, 466.16376152f, 493.88330126f, 
  523.25113060f, 554.36526195f, 587.32953583f, 622.25396744f, 
  659.25511383f, 698.45646287f, 739.98884542f, 783.99087196f, 
  830.60939516f, 880.00000000f, 932.32752304f, 987.76660251f, 
  1046.50226120f, 1108.73052391f, 1174.65907167f, 1244.50793489f, 
  1318.51022765f, 1396.91292573f, 1479.97769085f, 1567.98174393f, 
  1661.21879032f, 1760.00000000f, 1864.65504607f, 1975.53320502f, 
  2093.00452240f, 2217.46104781f, 2349.31814334f, 2489.01586978f, 
  2637.02045530f, 2793.82585146f, 2959.95538169f, 3135.96348785f, 
  3322.43758064f, 3520.00000000f, 3729.31009214f, 3951.06641005f, 
  4186.00904481f, 4434.92209563f, 4698.63628668f, 4978.03173955f, 
  5274.04091061f, 5587.65170293f, 5919.91076339f, 6271.92697571f, 
  6644.87516128f, 7040.00000000f, 7458.62018429f, 7902.13282010f, 
  8372.01808962f, 8869.84419126f, 9397.27257336f, 9956.06347911f, 
  10548.08182121f, 11175.30340586f, 11839.82152677f, 12543.85395142f, 
  };

